image_width: 640
image_height: 480
camera_name: camera
camera_matrix:
  rows: 3
  cols: 3
  data: [514.578298, 0, 340.071819 ,0, 514.868467, 231.491804 ,0, 0, 1]
distortion_model: plumb_bob
distortion_coefficients:
  rows: 1
  cols: 5
  data: [0.062956, -0.184023, -0.004946, 0.012085, 0]
rectification_matrix:
  rows: 3
  cols: 3
  data: [1, 0, 0, 0, 1, 0, 0, 0, 1]
projection_matrix:
  rows: 3
  cols: 4
  data: [509.618609, 0, 349.428536, 0 ,0, 519.401586, 229.519740, 0 ,0, 0, 1, 0]