image_width: 640
image_height: 480
camera_name: camera
camera_matrix:
  rows: 3
  cols: 3
  data: [514.578298266441, 0, 340.0718185830948, 0, 514.8684665452305, 231.4918039429434, 0, 0, 1]
distortion_model: plumb_bob
distortion_coefficients:
  rows: 1
  cols: 5
  data: [0.06295602826790396, -0.1840231372229633, -0.004945725015870819, 0.01208470957502327, 0]
rectification_matrix:
  rows: 3
  cols: 3
  data: [1, 0, 0, 0, 1, 0, 0, 0, 1]
projection_matrix:
  rows: 3
  cols: 4
  data: [509.6186091222327, 0, 349.4285361579978, 0, 0, 519.4015855799843, 229.5197397595094, 0, 0, 0, 1, 0]