image_width: 640
image_height: 480
camera_name: camera
camera_matrix:
  rows: 3
  cols: 3
  data: [512.041724, 0, 321, 0, 512.576006, 236, 0, 0, 1]
distortion_model: plumb_bob
distortion_coefficients:
  rows: 1
  cols: 5
  data: [0.071893, -0.157988, -0.000401, -0.000820, 0]
rectification_matrix:
  rows: 3
  cols: 3
  data: [1, 0, 0, 0, 1, 0, 0, 0, 1]
projection_matrix:
  rows: 3
  cols: 4
  data: [514.197810, 0, 320.894730, 0, 0, 516.878619, 236.285700, 0, 0, 0, 1, 0]
