image_width: 640
image_height: 480
camera_name: camera
camera_matrix:
  rows: 3
  cols: 3
  data: [612.893321, 0, 329.450764 ,0, 613.285501, 221.240423 ,0, 0, 1]
distortion_model: plumb_bob
distortion_coefficients:
  rows: 1
  cols: 5
  data: [0.003621, -0.170413, -0.006051, 0.012088, 0]
rectification_matrix:
  rows: 3
  cols: 3
  data: [1, 0, 0, 0, 1, 0, 0, 0, 1]
projection_matrix:
  rows: 3
  cols: 4
  data: [604.093328, 0, 336.588050, 0, 0, 611.942857, 218.987946, 0, 0, 0, 1, 0]