image_width: 1280
image_height: 720
camera_name: camera
camera_matrix:
  rows: 3
  cols: 3
  data: [671.3506445597903, 0, 647.6254003915177, 0, 673.8624563568382, 366.3979779004513, 0, 0, 1]
distortion_model: plumb_bob
distortion_coefficients:
  rows: 1
  cols: 5
  data: [-0.007357796102044417, -0.017429825842701, -0.0004155700978401811, -0.001890736303514646, 0]
rectification_matrix:
  rows: 3
  cols: 3
  data: [1, 0, 0, 0, 1, 0, 0, 0, 1]
projection_matrix:
  rows: 3
  cols: 4
  data: [656.1531934453749, 0, 644.3932782234913, 0, 0, 671.5165799969094, 366.2243849113282, 0, 0, 0, 1, 0]