image_width: 1024
image_height: 576
camera_name: camera
camera_matrix:
  rows: 3
  cols: 3
  data: [765.5182780805361, 0, 470.1131397876253, 0, 765.5701104989552, 267.5368888753028, 0, 0, 1]
distortion_model: plumb_bob
distortion_coefficients:
  rows: 1
  cols: 5
  data: [0.02184834966362704, -0.06835348993931246, -0.002764559890370898, -0.003189894349369933, 0]
rectification_matrix:
  rows: 3
  cols: 3
  data: [1, 0, 0, 0, 1, 0, 0, 0, 1]
projection_matrix:
  rows: 3
  cols: 4
  data: [760.9427712854596, 0, 465.1024737723899, 0, 0, 767.8502987613358, 266.3817123074995, 0, 0, 0, 1, 0]