image: map.png
resolution: 0.01081081081
origin: [-2, -2, 0.000000]
negate: 0
occupied_thresh: 0.6
free_thresh: 0.196

