{
 "cells": [
  {
   "cell_type": "code",
   "execution_count": 1,
   "metadata": {},
   "outputs": [],
   "source": [
    "# ! pip install hyperopt"
   ]
  },
  {
   "cell_type": "code",
   "execution_count": 2,
   "metadata": {},
   "outputs": [
    {
     "name": "stdout",
     "output_type": "stream",
     "text": [
      "\n",
      "        Parameters\n",
      "        use_adaptive           | True\n",
      "        quaternion             | True\n",
      "        time                   | (0, 50)\n",
      "        stepsize               | 1e-06\n",
      "        tol                    | 0.05\n",
      "        noise                  | False\n",
      "        which_eq               | 0\n",
      "        which_omega            | full\n",
      "        with_image_hz_sim      | False\n",
      "        image_hz               | 30\n",
      "        randomize_image_input  | False\n",
      "        number of landmark     | 3\n",
      "        Initial estimate pose  | [0. 0. 0.]\n",
      "        Initial estimate ori   | [1. 0. 0. 0.]\n",
      "        k                      | 1\n",
      "        z_appear               | [-2.5  1.   5.   0.   1.   7.5  2.5  1.   5. ]\n",
      "        Q                      |\n",
      "                                 10.0  0.0  0.0  0.0  0.0  0.0  0.0  0.0  0.0   \n",
      "                             0.0  10.0  0.0  0.0  0.0  0.0  0.0  0.0  0.0   \n",
      "                             0.0  0.0  10.0  0.0  0.0  0.0  0.0  0.0  0.0   \n",
      "                             0.0  0.0  0.0  10.0  0.0  0.0  0.0  0.0  0.0   \n",
      "                             0.0  0.0  0.0  0.0  10.0  0.0  0.0  0.0  0.0   \n",
      "                             0.0  0.0  0.0  0.0  0.0  10.0  0.0  0.0  0.0   \n",
      "                             0.0  0.0  0.0  0.0  0.0  0.0  10.0  0.0  0.0   \n",
      "                             0.0  0.0  0.0  0.0  0.0  0.0  0.0  10.0  0.0   \n",
      "                             0.0  0.0  0.0  0.0  0.0  0.0  0.0  0.0  10.0\n",
      "        V                      |\n",
      "                                 0.1  0.0  0.0  0.0  0.0  0.0   \n",
      "                             0.0  0.1  0.0  0.0  0.0  0.0   \n",
      "                             0.0  0.0  0.1  0.0  0.0  0.0   \n",
      "                             0.0  0.0  0.0  1.0  0.0  0.0   \n",
      "                             0.0  0.0  0.0  0.0  1.0  0.0   \n",
      "                             0.0  0.0  0.0  0.0  0.0  1.0\n",
      "        P ricatti              |\n",
      "                                 1.0  0.0  0.0  0.0  0.0  0.0   \n",
      "                             0.0  1.0  0.0  0.0  0.0  0.0   \n",
      "                             0.0  0.0  1.0  0.0  0.0  0.0   \n",
      "                             0.0  0.0  0.0  100.0  0.0  0.0   \n",
      "                             0.0  0.0  0.0  0.0  100.0  0.0   \n",
      "                             0.0  0.0  0.0  0.0  0.0  100.0\n",
      "        \n"
     ]
    }
   ],
   "source": [
    "from ricatti_observer_class import riccati_observer\n",
    "import numpy as np\n",
    "import pandas as pd\n",
    "import matplotlib.pyplot as plt\n",
    "import time as pytime\n",
    "from hyperopt import hp, fmin, tpe, space_eval\n",
    "\n",
    "use_adaptive            = True\n",
    "quaternion              = True\n",
    "stepsize                = 0.01\n",
    "tol                     = 1e-2 * 5\n",
    "noise                   = False\n",
    "which_eq                = 0\n",
    "which_omega             = \"full\" # \"z\" or \"full\"\n",
    "with_image_hz_sim       = False\n",
    "image_hz                = 30\n",
    "randomize_image_input   = False\n",
    "p_hat                   = np.array([[0, 0, 0]], dtype=np.float64).T\n",
    "Lambda_bar_0            = np.array([1, 0, 0, 0], dtype=np.float64).T  # quaternion: w, x, y, z\n",
    "z_appear                = np.array([[[-2.5, 1, 5]], \n",
    "                                    [[0, 1,   7.5]], \n",
    "                                    [[2.5,1,  5]]])\n",
    "p_ricatti               = np.array([1, 100])\n",
    "\n",
    "\n",
    "riccati_obj = riccati_observer(\n",
    "    use_adaptive            = use_adaptive,\n",
    "    quaternion              = quaternion,\n",
    "    time                    = (0, 50),\n",
    "    stepsize                = stepsize,\n",
    "    tol                     = tol,\n",
    "    noise                   = noise,\n",
    "    which_eq                = which_eq,\n",
    "    which_omega             = which_omega, # \"z\" or \"full\"\n",
    "    with_image_hz_sim       = with_image_hz_sim,\n",
    "    image_hz                = image_hz, \n",
    "    randomize_image_input   = randomize_image_input,\n",
    "    p_hat                   = p_hat,\n",
    "    Lambda_bar_0            = Lambda_bar_0,  # quaternion: w, x, y, z\n",
    "    z_appear                = z_appear,\n",
    "    k                       = 1,\n",
    "    q                       = [10], \n",
    "    v                       = np.array([0.1, 1]),\n",
    "    p_ricatti               = p_ricatti\n",
    "    )"
   ]
  },
  {
   "cell_type": "code",
   "execution_count": 3,
   "metadata": {},
   "outputs": [
    {
     "name": "stdout",
     "output_type": "stream",
     "text": [
      "linear velocity,  [[0.2]\n",
      " [0. ]\n",
      " [0. ]]\n",
      "angular velocity,  [[0]\n",
      " [0]\n",
      " [0]]\n",
      "pose,  [[-4.89886112]\n",
      " [ 2.5       ]\n",
      " [ 4.5       ]]\n",
      "input_A \n",
      " [[0. 0. 0. 0. 0. 0.]\n",
      " [0. 0. 0. 0. 0. 0.]\n",
      " [0. 0. 0. 0. 0. 0.]\n",
      " [0. 0. 0. 0. 0. 0.]\n",
      " [0. 0. 0. 0. 0. 0.]\n",
      " [0. 0. 0. 0. 0. 0.]]\n",
      "===========================\n",
      "dir  [[-0.83494681]\n",
      " [ 0.5220895 ]\n",
      " [-0.17402983]]\n",
      "dir  [[-0.82513063]\n",
      " [ 0.25264973]\n",
      " [-0.50529946]]\n",
      "dir  [[-0.97791955]\n",
      " [ 0.19825745]\n",
      " [-0.06608582]]\n",
      "input_C \n",
      " [[-2.32489046  1.15105502 -1.39265624  0.30286383  0.43591696 -0.14530565]\n",
      " [-3.54625361  2.40673268 -2.25447334  0.43591696  0.72742255  0.09085915]\n",
      " [ 0.51541787  1.69775577 -0.08184222 -0.14530565  0.09085915  0.96971362]\n",
      " [-1.98045582  2.39369577 -0.31915944  0.31915944  0.20846903 -0.41693807]\n",
      " [-6.89359707  1.56351775 -0.20846903  0.20846903  0.93616811  0.12766377]\n",
      " [-0.21280586 -3.12703551  0.41693807 -0.41693807  0.12766377  0.74467245]\n",
      " [-1.03402579  0.37993328  0.44102624  0.04367335  0.19387984 -0.06462661]\n",
      " [-4.79036792  0.93664416  2.20785513  0.19387984  0.96069398  0.01310201]\n",
      " [ 0.93012264 -2.81221472  0.09738162 -0.06462661  0.01310201  0.99563266]]\n",
      "===========================\n",
      "dir  [[-0.83494681]\n",
      " [ 0.5220895 ]\n",
      " [-0.17402983]]\n",
      "dir  [[-0.82513063]\n",
      " [ 0.25264973]\n",
      " [-0.50529946]]\n",
      "dir  [[-0.97791955]\n",
      " [ 0.19825745]\n",
      " [-0.06608582]]\n",
      "output_omega_hat_p_bar_hat_dot \n",
      " [[  -63.71398294]\n",
      " [ -260.45970804]\n",
      " [   75.33851469]\n",
      " [-3986.20720737]\n",
      " [ 3496.47591322]\n",
      " [15845.09732602]]\n",
      "===========================\n",
      "output_P_dot \n",
      " [[-9.46078203e+02  3.26847618e+02 -2.22908631e+01  5.33937207e+03\n",
      "   1.52302186e+04 -1.23273465e+03]\n",
      " [ 3.26847618e+02 -3.68725861e+02  7.59990538e+01 -3.92468408e+03\n",
      "  -4.90689460e+03  4.24149446e+03]\n",
      " [-2.22908631e+01  7.59990538e+01 -1.24166106e+02  1.27078944e+03\n",
      "   2.55087250e+02 -4.32477473e+02]\n",
      " [ 5.33937207e+03 -3.92468408e+03  1.27078944e+03 -6.65686619e+04\n",
      "  -8.38265831e+04  6.26870334e+04]\n",
      " [ 1.52302186e+04 -4.90689460e+03  2.55087250e+02 -8.38265831e+04\n",
      "  -2.62427465e+05 -2.31624929e+04]\n",
      " [-1.23273465e+03  4.24149446e+03 -4.32477473e+02  6.26870334e+04\n",
      "  -2.31624929e+04 -2.71000873e+05]]\n",
      "===========================\n",
      "np.concatenate((output_qua_flat, output_qua_hat_flat, p_bar_hat_dot.flatten(), output_P_dot.flatten())) \n",
      " [ 0.00000000e+00  0.00000000e+00  0.00000000e+00  0.00000000e+00\n",
      "  0.00000000e+00 -3.18569915e+01 -1.30229854e+02  3.76692573e+01\n",
      " -3.98620721e+03  3.49647591e+03  1.58450973e+04 -9.46078203e+02\n",
      "  3.26847618e+02 -2.22908631e+01  5.33937207e+03  1.52302186e+04\n",
      " -1.23273465e+03  3.26847618e+02 -3.68725861e+02  7.59990538e+01\n",
      " -3.92468408e+03 -4.90689460e+03  4.24149446e+03 -2.22908631e+01\n",
      "  7.59990538e+01 -1.24166106e+02  1.27078944e+03  2.55087250e+02\n",
      " -4.32477473e+02  5.33937207e+03 -3.92468408e+03  1.27078944e+03\n",
      " -6.65686619e+04 -8.38265831e+04  6.26870334e+04  1.52302186e+04\n",
      " -4.90689460e+03  2.55087250e+02 -8.38265831e+04 -2.62427465e+05\n",
      " -2.31624929e+04 -1.23273465e+03  4.24149446e+03 -4.32477473e+02\n",
      "  6.26870334e+04 -2.31624929e+04 -2.71000873e+05]\n",
      "===========================\n",
      "linear velocity,  [[0.2]\n",
      " [0. ]\n",
      " [0. ]]\n",
      "angular velocity,  [[0]\n",
      " [0]\n",
      " [0]]\n",
      "pose,  [[-4.89886112]\n",
      " [ 2.5       ]\n",
      " [ 4.5       ]]\n",
      "input_A \n",
      " [[0. 0. 0. 0. 0. 0.]\n",
      " [0. 0. 0. 0. 0. 0.]\n",
      " [0. 0. 0. 0. 0. 0.]\n",
      " [0. 0. 0. 0. 0. 0.]\n",
      " [0. 0. 0. 0. 0. 0.]\n",
      " [0. 0. 0. 0. 0. 0.]]\n",
      "===========================\n",
      "dir  [[-0.83494681]\n",
      " [ 0.5220895 ]\n",
      " [-0.17402983]]\n",
      "dir  [[-0.82513063]\n",
      " [ 0.25264973]\n",
      " [-0.50529946]]\n",
      "dir  [[-0.97791955]\n",
      " [ 0.19825745]\n",
      " [-0.06608582]]\n",
      "input_C \n",
      " [[-2.324949    1.15113836 -1.39252824  0.30286383  0.43591696 -0.14530565]\n",
      " [-3.54635997  2.40676997 -2.25426156  0.43591696  0.72742255  0.09085915]\n",
      " [ 0.51537962  1.69746781 -0.08182097 -0.14530565  0.09085915  0.96971362]\n",
      " [-1.98041863  2.39386901 -0.31904435  0.31915944  0.20846903 -0.41693807]\n",
      " [-6.89362119  1.56346861 -0.20806925  0.20846903  0.93616811  0.12766377]\n",
      " [-0.21287865 -3.12734297  0.41695002 -0.41693807  0.12766377  0.74467245]\n",
      " [-1.03399645  0.37994596  0.44108408  0.04367335  0.19387984 -0.06462661]\n",
      " [-4.79025637  0.93661777  2.20813948  0.19387984  0.96069398  0.01310201]\n",
      " [ 0.93002324 -2.81248145  0.09737868 -0.06462661  0.01310201  0.99563266]]\n",
      "===========================\n",
      "dir  [[-0.83494681]\n",
      " [ 0.5220895 ]\n",
      " [-0.17402983]]\n",
      "dir  [[-0.82513063]\n",
      " [ 0.25264973]\n",
      " [-0.50529946]]\n",
      "dir  [[-0.97791955]\n",
      " [ 0.19825745]\n",
      " [-0.06608582]]\n",
      "output_omega_hat_p_bar_hat_dot \n",
      " [[  -63.68518818]\n",
      " [ -260.21754448]\n",
      " [   75.29234254]\n",
      " [-3982.03512197]\n",
      " [ 3492.80594082]\n",
      " [15826.17966519]]\n",
      "===========================\n",
      "output_P_dot \n",
      " [[-9.44628724e+02  3.26274214e+02 -2.21775197e+01  5.32998512e+03\n",
      "   1.52061759e+04 -1.23023642e+03]\n",
      " [ 3.26274214e+02 -3.68431161e+02  7.59346437e+01 -3.91988550e+03\n",
      "  -4.89806340e+03  4.23643070e+03]\n",
      " [-2.21775197e+01  7.59346437e+01 -1.24147576e+02  1.26972659e+03\n",
      "   2.53241018e+02 -4.31582789e+02]\n",
      " [ 5.32998512e+03 -3.91988550e+03  1.26972659e+03 -6.64889287e+04\n",
      "  -8.36817750e+04  6.26006712e+04]\n",
      " [ 1.52061759e+04 -4.89806340e+03  2.53241018e+02 -8.36817750e+04\n",
      "  -2.62019457e+05 -2.31499663e+04]\n",
      " [-1.23023642e+03  4.23643070e+03 -4.31582789e+02  6.26006712e+04\n",
      "  -2.31499663e+04 -2.70681457e+05]]\n",
      "===========================\n",
      "np.concatenate((output_qua_flat, output_qua_hat_flat, p_bar_hat_dot.flatten(), output_P_dot.flatten())) \n",
      " [ 0.00000000e+00  0.00000000e+00  0.00000000e+00  0.00000000e+00\n",
      " -3.87531179e-03 -3.18425944e+01 -1.30108772e+02  3.76461709e+01\n",
      " -3.98203512e+03  3.49280594e+03  1.58261797e+04 -9.44628724e+02\n",
      "  3.26274214e+02 -2.21775197e+01  5.32998512e+03  1.52061759e+04\n",
      " -1.23023642e+03  3.26274214e+02 -3.68431161e+02  7.59346437e+01\n",
      " -3.91988550e+03 -4.89806340e+03  4.23643070e+03 -2.21775197e+01\n",
      "  7.59346437e+01 -1.24147576e+02  1.26972659e+03  2.53241018e+02\n",
      " -4.31582789e+02  5.32998512e+03 -3.91988550e+03  1.26972659e+03\n",
      " -6.64889287e+04 -8.36817750e+04  6.26006712e+04  1.52061759e+04\n",
      " -4.89806340e+03  2.53241018e+02 -8.36817750e+04 -2.62019457e+05\n",
      " -2.31499663e+04 -1.23023642e+03  4.23643070e+03 -4.31582789e+02\n",
      "  6.26006712e+04 -2.31499663e+04 -2.70681457e+05]\n",
      "===========================\n",
      "linear velocity,  [[0.2]\n",
      " [0. ]\n",
      " [0. ]]\n",
      "angular velocity,  [[0]\n",
      " [0]\n",
      " [0]]\n",
      "pose,  [[-4.89886112]\n",
      " [ 2.5       ]\n",
      " [ 4.5       ]]\n",
      "input_A \n",
      " [[0. 0. 0. 0. 0. 0.]\n",
      " [0. 0. 0. 0. 0. 0.]\n",
      " [0. 0. 0. 0. 0. 0.]\n",
      " [0. 0. 0. 0. 0. 0.]\n",
      " [0. 0. 0. 0. 0. 0.]\n",
      " [0. 0. 0. 0. 0. 0.]]\n",
      "===========================\n",
      "dir  [[-0.83494681]\n",
      " [ 0.5220895 ]\n",
      " [-0.17402983]]\n",
      "dir  [[-0.82513063]\n",
      " [ 0.25264973]\n",
      " [-0.50529946]]\n",
      "dir  [[-0.97791955]\n",
      " [ 0.19825745]\n",
      " [-0.06608582]]\n",
      "input_C \n",
      " [[-2.32497821  1.15117994 -1.39246436  0.30286383  0.43591696 -0.14530565]\n",
      " [-3.54641305  2.40678857 -2.25415587  0.43591696  0.72742255  0.09085915]\n",
      " [ 0.51536051  1.69732413 -0.08181037 -0.14530565  0.09085915  0.96971362]\n",
      " [-1.98040005  2.39395545 -0.3189869   0.31915944  0.20846903 -0.41693807]\n",
      " [-6.89363323  1.56344409 -0.20786976  0.20846903  0.93616811  0.12766377]\n",
      " [-0.21291502 -3.12749639  0.41695596 -0.41693807  0.12766377  0.74467245]\n",
      " [-1.03398182  0.37995228  0.44111295  0.04367335  0.19387984 -0.06462661]\n",
      " [-4.79020071  0.9366046   2.20828137  0.19387984  0.96069398  0.01310201]\n",
      " [ 0.92997359 -2.81261453  0.09737721 -0.06462661  0.01310201  0.99563266]]\n",
      "===========================\n",
      "dir  [[-0.83494681]\n",
      " [ 0.5220895 ]\n",
      " [-0.17402983]]\n",
      "dir  [[-0.82513063]\n",
      " [ 0.25264973]\n",
      " [-0.50529946]]\n",
      "dir  [[-0.97791955]\n",
      " [ 0.19825745]\n",
      " [-0.06608582]]\n",
      "output_omega_hat_p_bar_hat_dot \n",
      " [[  -63.67079799]\n",
      " [ -260.09680853]\n",
      " [   75.26931556]\n",
      " [-3979.95560272]\n",
      " [ 3490.97603299]\n",
      " [15816.75004005]]\n",
      "===========================\n",
      "output_P_dot \n",
      " [[-9.43907004e+02  3.25988724e+02 -2.21211188e+01  5.32531156e+03\n",
      "   1.51942046e+04 -1.22899324e+03]\n",
      " [ 3.25988724e+02 -3.68284361e+02  7.59025590e+01 -3.91749551e+03\n",
      "  -4.89366688e+03  4.23390698e+03]\n",
      " [-2.21211188e+01  7.59025590e+01 -1.24138333e+02  1.26919720e+03\n",
      "   2.52322295e+02 -4.31136978e+02]\n",
      " [ 5.32531156e+03 -3.91749551e+03  1.26919720e+03 -6.64492188e+04\n",
      "  -8.36096829e+04  6.25576378e+04]\n",
      " [ 1.51942046e+04 -4.89366688e+03  2.52322295e+02 -8.36096829e+04\n",
      "  -2.61816295e+05 -2.31436876e+04]\n",
      " [-1.22899324e+03  4.23390698e+03 -4.31136978e+02  6.25576378e+04\n",
      "  -2.31436876e+04 -2.70522245e+05]]\n",
      "===========================\n",
      "np.concatenate((output_qua_flat, output_qua_hat_flat, p_bar_hat_dot.flatten(), output_P_dot.flatten())) \n",
      " [ 0.00000000e+00  0.00000000e+00  0.00000000e+00  0.00000000e+00\n",
      " -5.80656873e-03 -3.18353993e+01 -1.30048404e+02  3.76346573e+01\n",
      " -3.97995560e+03  3.49097603e+03  1.58167500e+04 -9.43907004e+02\n",
      "  3.25988724e+02 -2.21211188e+01  5.32531156e+03  1.51942046e+04\n",
      " -1.22899324e+03  3.25988724e+02 -3.68284361e+02  7.59025590e+01\n",
      " -3.91749551e+03 -4.89366688e+03  4.23390698e+03 -2.21211188e+01\n",
      "  7.59025590e+01 -1.24138333e+02  1.26919720e+03  2.52322295e+02\n",
      " -4.31136978e+02  5.32531156e+03 -3.91749551e+03  1.26919720e+03\n",
      " -6.64492188e+04 -8.36096829e+04  6.25576378e+04  1.51942046e+04\n",
      " -4.89366688e+03  2.52322295e+02 -8.36096829e+04 -2.61816295e+05\n",
      " -2.31436876e+04 -1.22899324e+03  4.23390698e+03 -4.31136978e+02\n",
      "  6.25576378e+04 -2.31436876e+04 -2.70522245e+05]\n",
      "===========================\n",
      "linear velocity,  [[0.2]\n",
      " [0. ]\n",
      " [0. ]]\n",
      "angular velocity,  [[0]\n",
      " [0]\n",
      " [0]]\n",
      "pose,  [[-4.89886112]\n",
      " [ 2.5       ]\n",
      " [ 4.5       ]]\n",
      "input_A \n",
      " [[0. 0. 0. 0. 0. 0.]\n",
      " [0. 0. 0. 0. 0. 0.]\n",
      " [0. 0. 0. 0. 0. 0.]\n",
      " [0. 0. 0. 0. 0. 0.]\n",
      " [0. 0. 0. 0. 0. 0.]\n",
      " [0. 0. 0. 0. 0. 0.]]\n",
      "===========================\n",
      "dir  [[-0.83494681]\n",
      " [ 0.5220895 ]\n",
      " [-0.17402983]]\n",
      "dir  [[-0.82513063]\n",
      " [ 0.25264973]\n",
      " [-0.50529946]]\n",
      "dir  [[-0.97791955]\n",
      " [ 0.19825745]\n",
      " [-0.06608582]]\n",
      "input_C \n",
      " [[-2.32512413  1.15138774 -1.39214511  0.30286383  0.43591696 -0.14530565]\n",
      " [-3.54667826  2.40688153 -2.25362765  0.43591696  0.72742255  0.09085915]\n",
      " [ 0.51526499  1.696606   -0.0817574  -0.14530565  0.09085915  0.96971362]\n",
      " [-1.98030714  2.39438743 -0.31869979  0.31915944  0.20846903 -0.41693807]\n",
      " [-6.89369334  1.56332151 -0.20687276  0.20846903  0.93616811  0.12766377]\n",
      " [-0.21309679 -3.12826308  0.41698562 -0.41693807  0.12766377  0.74467245]\n",
      " [-1.03390864  0.37998389  0.44125721  0.04367335  0.19387984 -0.06462661]\n",
      " [-4.78992251  0.93653879  2.20899048  0.19387984  0.96069398  0.01310201]\n",
      " [ 0.92972541 -2.81327964  0.09736985 -0.06462661  0.01310201  0.99563266]]\n",
      "===========================\n",
      "dir  [[-0.83494681]\n",
      " [ 0.5220895 ]\n",
      " [-0.17402983]]\n",
      "dir  [[-0.82513063]\n",
      " [ 0.25264973]\n",
      " [-0.50529946]]\n",
      "dir  [[-0.97791955]\n",
      " [ 0.19825745]\n",
      " [-0.06608582]]\n",
      "output_omega_hat_p_bar_hat_dot \n",
      " [[  -63.598847  ]\n",
      " [ -259.49386249]\n",
      " [   75.15430882]\n",
      " [-3969.57319231]\n",
      " [ 3481.8385276 ]\n",
      " [15769.67036614]]\n",
      "===========================\n",
      "output_P_dot \n",
      " [[-9.40305462e+02  3.24564090e+02 -2.18398662e+01  5.30199041e+03\n",
      "   1.51344647e+04 -1.22279155e+03]\n",
      " [ 3.24564090e+02 -3.67551605e+02  7.57424575e+01 -3.90556688e+03\n",
      "  -4.87172884e+03  4.22130615e+03]\n",
      " [-2.18398662e+01  7.57424575e+01 -1.24092201e+02  1.26655577e+03\n",
      "   2.47740864e+02 -4.28911548e+02]\n",
      " [ 5.30199041e+03 -3.90556688e+03  1.26655577e+03 -6.62510352e+04\n",
      "  -8.32499528e+04  6.23428148e+04]\n",
      " [ 1.51344647e+04 -4.87172884e+03  2.47740864e+02 -8.32499528e+04\n",
      "  -2.60802458e+05 -2.31122599e+04]\n",
      " [-1.22279155e+03  4.22130615e+03 -4.28911548e+02  6.23428148e+04\n",
      "  -2.31122599e+04 -2.69727347e+05]]\n",
      "===========================\n",
      "np.concatenate((output_qua_flat, output_qua_hat_flat, p_bar_hat_dot.flatten(), output_P_dot.flatten())) \n",
      " [ 0.00000000e+00  0.00000000e+00  0.00000000e+00  0.00000000e+00\n",
      " -1.54331967e-02 -3.17994258e+01 -1.29746931e+02  3.75771510e+01\n",
      " -3.96957319e+03  3.48183853e+03  1.57696704e+04 -9.40305462e+02\n",
      "  3.24564090e+02 -2.18398662e+01  5.30199041e+03  1.51344647e+04\n",
      " -1.22279155e+03  3.24564090e+02 -3.67551605e+02  7.57424575e+01\n",
      " -3.90556688e+03 -4.87172884e+03  4.22130615e+03 -2.18398662e+01\n",
      "  7.57424575e+01 -1.24092201e+02  1.26655577e+03  2.47740864e+02\n",
      " -4.28911548e+02  5.30199041e+03 -3.90556688e+03  1.26655577e+03\n",
      " -6.62510352e+04 -8.32499528e+04  6.23428148e+04  1.51344647e+04\n",
      " -4.87172884e+03  2.47740864e+02 -8.32499528e+04 -2.60802458e+05\n",
      " -2.31122599e+04 -1.22279155e+03  4.22130615e+03 -4.28911548e+02\n",
      "  6.23428148e+04 -2.31122599e+04 -2.69727347e+05]\n",
      "===========================\n",
      "linear velocity,  [[0.2]\n",
      " [0. ]\n",
      " [0. ]]\n",
      "angular velocity,  [[0]\n",
      " [0]\n",
      " [0]]\n",
      "pose,  [[-4.89886112]\n",
      " [ 2.5       ]\n",
      " [ 4.5       ]]\n",
      "input_A \n",
      " [[0. 0. 0. 0. 0. 0.]\n",
      " [0. 0. 0. 0. 0. 0.]\n",
      " [0. 0. 0. 0. 0. 0.]\n",
      " [0. 0. 0. 0. 0. 0.]\n",
      " [0. 0. 0. 0. 0. 0.]\n",
      " [0. 0. 0. 0. 0. 0.]]\n",
      "===========================\n",
      "dir  [[-0.83494681]\n",
      " [ 0.5220895 ]\n",
      " [-0.17402983]]\n",
      "dir  [[-0.82513063]\n",
      " [ 0.25264973]\n",
      " [-0.50529946]]\n",
      "dir  [[-0.97791955]\n",
      " [ 0.19825745]\n",
      " [-0.06608582]]\n",
      "input_C \n",
      " [[-2.32515004  1.15142464 -1.39208842  0.30286383  0.43591696 -0.14530565]\n",
      " [-3.54672534  2.40689803 -2.25353385  0.43591696  0.72742255  0.09085915]\n",
      " [ 0.51524801  1.69647849 -0.08174799 -0.14530565  0.09085915  0.96971362]\n",
      " [-1.98029062  2.39446412 -0.31864881  0.31915944  0.20846903 -0.41693807]\n",
      " [-6.89370401  1.56329975 -0.20669574  0.20846903  0.93616811  0.12766377]\n",
      " [-0.21312909 -3.12839919  0.41699088 -0.41693807  0.12766377  0.74467245]\n",
      " [-1.03389565  0.3799895   0.44128282  0.04367335  0.19387984 -0.06462661]\n",
      " [-4.78987311  0.9365271   2.20911638  0.19387984  0.96069398  0.01310201]\n",
      " [ 0.92968133 -2.81339772  0.09736855 -0.06462661  0.01310201  0.99563266]]\n",
      "===========================\n",
      "dir  [[-0.83494681]\n",
      " [ 0.5220895 ]\n",
      " [-0.17402983]]\n",
      "dir  [[-0.82513063]\n",
      " [ 0.25264973]\n",
      " [-0.50529946]]\n",
      "dir  [[-0.97791955]\n",
      " [ 0.19825745]\n",
      " [-0.06608582]]\n",
      "output_omega_hat_p_bar_hat_dot \n",
      " [[  -63.58605935]\n",
      " [ -259.38691278]\n",
      " [   75.13390473]\n",
      " [-3967.7321456 ]\n",
      " [ 3480.21779692]\n",
      " [15761.32183627]]\n",
      "===========================\n",
      "output_P_dot \n",
      " [[-9.39667357e+02  3.24311691e+02 -2.17900763e+01  5.29785875e+03\n",
      "   1.51238803e+04 -1.22169332e+03]\n",
      " [ 3.24311691e+02 -3.67421727e+02  7.57140871e+01 -3.90345286e+03\n",
      "  -4.86784244e+03  4.21907173e+03]\n",
      " [-2.17900763e+01  7.57140871e+01 -1.24084020e+02  1.26608775e+03\n",
      "   2.46929801e+02 -4.28517029e+02]\n",
      " [ 5.29785875e+03 -3.90345286e+03  1.26608775e+03 -6.62159153e+04\n",
      "  -8.31862250e+04  6.23047306e+04]\n",
      " [ 1.51238803e+04 -4.86784244e+03  2.46929801e+02 -8.31862250e+04\n",
      "  -2.60622826e+05 -2.31066626e+04]\n",
      " [-1.22169332e+03  4.21907173e+03 -4.28517029e+02  6.23047306e+04\n",
      "  -2.31066626e+04 -2.69586391e+05]]\n",
      "===========================\n",
      "np.concatenate((output_qua_flat, output_qua_hat_flat, p_bar_hat_dot.flatten(), output_P_dot.flatten())) \n",
      " [ 0.00000000e+00  0.00000000e+00  0.00000000e+00  0.00000000e+00\n",
      " -1.71380149e-02 -3.17930325e+01 -1.29693456e+02  3.75669482e+01\n",
      " -3.96773215e+03  3.48021780e+03  1.57613218e+04 -9.39667357e+02\n",
      "  3.24311691e+02 -2.17900763e+01  5.29785875e+03  1.51238803e+04\n",
      " -1.22169332e+03  3.24311691e+02 -3.67421727e+02  7.57140871e+01\n",
      " -3.90345286e+03 -4.86784244e+03  4.21907173e+03 -2.17900763e+01\n",
      "  7.57140871e+01 -1.24084020e+02  1.26608775e+03  2.46929801e+02\n",
      " -4.28517029e+02  5.29785875e+03 -3.90345286e+03  1.26608775e+03\n",
      " -6.62159153e+04 -8.31862250e+04  6.23047306e+04  1.51238803e+04\n",
      " -4.86784244e+03  2.46929801e+02 -8.31862250e+04 -2.60622826e+05\n",
      " -2.31066626e+04 -1.22169332e+03  4.21907173e+03 -4.28517029e+02\n",
      "  6.23047306e+04 -2.31066626e+04 -2.69586391e+05]\n",
      "===========================\n",
      "linear velocity,  [[0.2]\n",
      " [0. ]\n",
      " [0. ]]\n",
      "angular velocity,  [[0]\n",
      " [0]\n",
      " [0]]\n",
      "pose,  [[-4.89886112]\n",
      " [ 2.5       ]\n",
      " [ 4.5       ]]\n",
      "input_A \n",
      " [[0. 0. 0. 0. 0. 0.]\n",
      " [0. 0. 0. 0. 0. 0.]\n",
      " [0. 0. 0. 0. 0. 0.]\n",
      " [0. 0. 0. 0. 0. 0.]\n",
      " [0. 0. 0. 0. 0. 0.]\n",
      " [0. 0. 0. 0. 0. 0.]]\n",
      "===========================\n",
      "dir  [[-0.83494681]\n",
      " [ 0.5220895 ]\n",
      " [-0.17402983]]\n",
      "dir  [[-0.82513063]\n",
      " [ 0.25264973]\n",
      " [-0.50529946]]\n",
      "dir  [[-0.97791955]\n",
      " [ 0.19825745]\n",
      " [-0.06608582]]\n",
      "input_C \n",
      " [[-2.3251824   1.15147073 -1.39201759  0.30286383  0.43591696 -0.14530565]\n",
      " [-3.54678417  2.40691864 -2.25341666  0.43591696  0.72742255  0.09085915]\n",
      " [ 0.5152268   1.69631919 -0.08173625 -0.14530565  0.09085915  0.96971362]\n",
      " [-1.98026999  2.39455994 -0.3185851   0.31915944  0.20846903 -0.41693807]\n",
      " [-6.89371734  1.56327255 -0.20647457  0.20846903  0.93616811  0.12766377]\n",
      " [-0.21316945 -3.12856925  0.41699743 -0.41693807  0.12766377  0.74467245]\n",
      " [-1.03387941  0.37999651  0.44131482  0.04367335  0.19387984 -0.06462661]\n",
      " [-4.78981139  0.9365125   2.20927368  0.19387984  0.96069398  0.01310201]\n",
      " [ 0.92962623 -2.81354525  0.09736691 -0.06462661  0.01310201  0.99563266]]\n",
      "===========================\n",
      "dir  [[-0.83494681]\n",
      " [ 0.5220895 ]\n",
      " [-0.17402983]]\n",
      "dir  [[-0.82513063]\n",
      " [ 0.25264973]\n",
      " [-0.50529946]]\n",
      "dir  [[-0.97791955]\n",
      " [ 0.19825745]\n",
      " [-0.06608582]]\n",
      "output_omega_hat_p_bar_hat_dot \n",
      " [[  -63.5700755 ]\n",
      " [ -259.25333871]\n",
      " [   75.108419  ]\n",
      " [-3965.43304199]\n",
      " [ 3478.19358947]\n",
      " [15750.89604336]]\n",
      "===========================\n",
      "output_P_dot \n",
      " [[-9.38870770e+02  3.23996609e+02 -2.17279381e+01  5.29270107e+03\n",
      "   1.51106669e+04 -1.22032262e+03]\n",
      " [ 3.23996609e+02 -3.67259568e+02  7.56786675e+01 -3.90081353e+03\n",
      "  -4.86299104e+03  4.21628141e+03]\n",
      " [-2.17279381e+01  7.56786675e+01 -1.24073802e+02  1.26550346e+03\n",
      "   2.45917580e+02 -4.28024403e+02]\n",
      " [ 5.29270107e+03 -3.90081353e+03  1.26550346e+03 -6.61720693e+04\n",
      "  -8.31066733e+04  6.22571756e+04]\n",
      " [ 1.51106669e+04 -4.86299104e+03  2.45917580e+02 -8.31066733e+04\n",
      "  -2.60398577e+05 -2.30996598e+04]\n",
      " [-1.22032262e+03  4.21628141e+03 -4.28024403e+02  6.22571756e+04\n",
      "  -2.30996598e+04 -2.69410365e+05]]\n",
      "===========================\n",
      "np.concatenate((output_qua_flat, output_qua_hat_flat, p_bar_hat_dot.flatten(), output_P_dot.flatten())) \n",
      " [ 0.00000000e+00  0.00000000e+00  0.00000000e+00  0.00000000e+00\n",
      " -1.92661257e-02 -3.17850413e+01 -1.29626669e+02  3.75542042e+01\n",
      " -3.96543304e+03  3.47819359e+03  1.57508960e+04 -9.38870770e+02\n",
      "  3.23996609e+02 -2.17279381e+01  5.29270107e+03  1.51106669e+04\n",
      " -1.22032262e+03  3.23996609e+02 -3.67259568e+02  7.56786675e+01\n",
      " -3.90081353e+03 -4.86299104e+03  4.21628141e+03 -2.17279381e+01\n",
      "  7.56786675e+01 -1.24073802e+02  1.26550346e+03  2.45917580e+02\n",
      " -4.28024403e+02  5.29270107e+03 -3.90081353e+03  1.26550346e+03\n",
      " -6.61720693e+04 -8.31066733e+04  6.22571756e+04  1.51106669e+04\n",
      " -4.86299104e+03  2.45917580e+02 -8.31066733e+04 -2.60398577e+05\n",
      " -2.30996598e+04 -1.22032262e+03  4.21628141e+03 -4.28024403e+02\n",
      "  6.22571756e+04 -2.30996598e+04 -2.69410365e+05]\n",
      "===========================\n",
      "t 0\n",
      "soly qua [ 9.99999990e-01 -3.18210106e-05 -1.29927870e-04  3.76116643e-05]\n",
      "soly pos [-0.0039758   0.00348732  0.01579793]\n"
     ]
    },
    {
     "data": {
      "text/plain": [
       "(0,\n",
       " 1.337322363274471e-06,\n",
       " array([ 1.00000000e+00,  0.00000000e+00,  0.00000000e+00,  0.00000000e+00,\n",
       "         9.99999990e-01, -3.18210106e-05, -1.29927870e-04,  3.76116643e-05,\n",
       "        -3.97580482e-03,  3.48732274e-03,  1.57979279e-02,  9.99057533e-01,\n",
       "         3.25419276e-04, -2.20087154e-05,  5.31598979e-03,  1.51703254e-02,\n",
       "        -1.22651458e-03,  3.25419276e-04,  9.99632009e-01,  7.58385611e-05,\n",
       "        -3.91272715e-03, -4.88489806e-03,  4.22886930e-03, -2.20087154e-05,\n",
       "         7.58385611e-05,  9.99875880e-01,  1.26814135e-03,  2.50491306e-04,\n",
       "        -4.30247321e-04,  5.31598979e-03, -3.91272715e-03,  1.26814135e-03,\n",
       "         9.99336300e+01, -8.34658956e-02,  6.24717579e-02,  1.51703254e-02,\n",
       "        -4.88489806e-03,  2.50491306e-04, -8.34658956e-02,  9.97385890e+01,\n",
       "        -2.31311113e-02, -1.22651458e-03,  4.22886930e-03, -4.30247321e-04,\n",
       "         6.24717579e-02, -2.31311113e-02,  9.97297955e+01]))"
      ]
     },
     "execution_count": 3,
     "metadata": {},
     "output_type": "execute_result"
    }
   ],
   "source": [
    "riccati_obj.step_simulation()"
   ]
  },
  {
   "cell_type": "code",
   "execution_count": 3,
   "metadata": {},
   "outputs": [
    {
     "data": {
      "application/vnd.jupyter.widget-view+json": {
       "model_id": "7851adc8e5954384b7fd07c32657e8c1",
       "version_major": 2,
       "version_minor": 0
      },
